108
199
308
413
476
563
803
1063
1141
1173
1256
1298
1377
1617
1698
1968
2104
2183
2284
2479
2625
2759
2801
2912
2943
3042
3103
3153
3248
3285
3323
3515
3547
3604
3840
3891
3927
3965
4037
4184
4232
4261
4432
4554
4589
4660
5040
5113
5191
5268
5346
5767
5863
5950
6226
6284
6501
6551
6614
6853
6962
7066
7107
7279
7354
7402
7443
7541
7717
7789
7839
7925
7976
8057
8113
8367
8463
8504
8545
8687
8778
8809
8873
8967
9146
9207
9262
9310
9431
9492
9557
9609
9691
9764
9834
9889
9917
9950
9997
10027
10143
10171
10201
10232
10290
10340
10392
10484
10512
10543
10613
10686
10780
10829
10879
10981
11019
11055
11162
11241
11409
11463
11517
11588
11686
11731
11775
11969
12021
12114
12168
12278
12470
12534
12637
12734
12800
12950
13025
13127
13252
13278
13369
13411
13532
13625
13702
13732
13826
13901
14279
14417
14493
14591
14619
14681
14745
14895
14971
15089
15134
15178
15222
15292
15429
15531
15628
15742
15899
16000
16044
16099
16168
16268
16347
16496
16599
16686
16800
16921
16959
17024
17068
17102
17169
17210
17261
17443
17495
17554
17660
17742
17804
17911
18207
18297
18337
18422
18486
18544
18584
18648
18702
18876
18952
19012
19064
19101
19156
19236
19379
19547
19649
19728
19873
19983
