189
418
464
510
797
853
952
1055
1105
1173
1215
1381
1454
1589
1679
1724
1822
1872
1968
2089
2280
2387
2476
2562
2945
3000
3097
3370
3482
3519
3575
3698
3925
4020
4148
4305
4461
4517
4646
4816
4979
5104
5247
5370
5449
5694
5822
5879
5981
6141
6218
6303
6458
6604
6730
6827
6918
7018
7196
7234
7458
7523
7573
7625
7761
7965
8046
8320
8486
8821
9000
9096
9142
9269
9477
9528
9570
9632
9706
9832
9917
10065
10100
10255
10314
10349
10417
10469
10512
10572
10663
10778
11013
11338
11504
11553
11664
11892
11981
12087
12229
12277
12451
12488
12589
12662
12698
12819
12888
12954
13011
13059
13264
13424
13636
13712
13816
13963
14026
14147
14278
14352
14430
14711
14774
14857
14946
15063
15199
15342
15433
15545
15744
15827
15888
15959
16000
16236
16347
16424
16490
16574
16659
16764
16963
17151
17192
17304
17415
17465
17786
17956
18033
18091
18295
18404
18644
18881
18917
18983
19196
19669
19852
19917
20021
20095
20130
20198
20359
20548
20621
20759
20888
21243
21288
21411
21444
21646
21732
21786
21939
22012
22252
22768
22830
22902
23025
23093
23340
23676
23762
23851
23949
24076
24152
24263
24463
24665
24787
24865
25010
25089
25259
25400
25441
25508
25630
25787
25880
25958
26151
26202
26270
26346
26461
26547
26682
26733
26802
26920
27001
27121
27160
27294
27387
27461
27567
27800
27920
27975
28036
28180
28269
28323
28480
28592
28643
28755
28919
28954
29023
29076
29264
29319
29465
29499
29639
29737
29791
29836
29880
30072
30133
30439
30675
30868
31100
31136
31261
31299
31410
31463
31669
31720
31799
31854
31907
31966
32123
32223
32266
32321
32399
32502
32588
32770
32851
32922
33220
33256
33361
33414
33617
33669
33736
33902
33989
34057
34097
34143
34240
34332
34502
34686
34843
34908
34950
35169
35274
35370
35462
35602
35761
35844
35877
36019
36053
36275
36534
36592
36774
36878
36931
36973
37047
37090
37303
37514
37576
37671
37854
37891
37956
38085
38218
38333
38381
38516
38577
38650
38759
38898
38977
39014
39076
39155
39267
39479
39612
39748
39847
40028
40251
40556
40622
40772
40827
40896
40952
41033
41109
41291
41353
41643
41703
41871
41972
42083
42247
42284
42399
42436
42495
42645
42680
42743
43192
43446
43836
44053
44423
44476
44669
44738
44813
45025
45070
45187
45350
45458
45801
45903
46006
46070
46165
46248
46314
46450
46545
46621
46704
47054
47098
47209
47342
47467
47573
47740
47987
48090
48199
48297
48564
48652
48901
49001
49101
49197
49241
49295
49394
49479
49584
49716
49833
49965
50080
50185
50240
50339
50404
50664
50876
50935
51062
51125
51267
51346
51393
51459
51552
51973
52048
52159
52194
52299
52380
52475
52516
52604
52729
52792
52838
52968
53131
53285
53379
53573
53611
53686
53751
54092
54240
54312
54368
54476
54584
54867
54905
55001
55230
55499
55705
55801
55878
56075
56257
56356
56421
56627
56934
57057
57316
57363
57519
57613
