161
366
409
463
506
761
790
850
949
1015
1101
1138
1169
1211
1377
1453
1588
1649
1678
1720
1820
1864
1939
2087
2278
2384
2450
2560
2938
2998
3055
3083
3348
3480
3518
3573
3663
3697
3924
4018
4144
4272
4304
4460
4500
4644
4812
4953
5103
5166
5367
5448
5692
5802
5875
5962
6135
6217
6297
6441
6550
6723
6824
6916
6958
6989
7016
7164
7193
7228
7457
7514
7571
7624
7760
7963
8045
8319
8485
8819
8971
8998
9040
9094
9139
9246
9433
9475
9525
9568
9630
9705
9797
9828
9878
9915
10000
10031
10064
10099
10252
10311
10346
10416
10467
10510
10552
10609
10636
10736
10777
11011
11317
11502
11546
11662
11890
11979
12027
12086
12201
12261
12449
12487
12587
12658
12697
12816
12872
12921
12949
13010
13057
13263
13422
13594
13634
13711
13766
13794
13959
14025
14143
14253
14350
14385
14429
14667
14756
14815
14856
14926
15057
15198
15337
15430
15531
15703
15794
15824
15886
15958
15999
16235
16346
16420
16489
16573
16646
16761
16932
17096
17148
17191
17301
17388
17464
17784
17953
18030
18087
18290
18402
18641
18879
18915
18949
18982
19117
19166
19636
19849
19916
20003
20093
20128
20197
20329
20547
20592
20757
20885
21218
21286
21393
21443
21626
21683
21783
21920
22011
22184
22237
22767
22829
22901
23021
23091
23322
23674
23759
23848
23948
24068
24150
24235
24261
24462
24663
24735
24824
25007
25065
25158
25195
25229
25258
25367
25398
25439
25507
25560
25783
25876
25956
26129
26200
26269
26344
26445
26521
26644
26676
26717
26799
26918
26985
27118
27157
27292
27386
27457
27500
27796
27912
27966
28032
28148
28213
28264
28320
28451
28590
28641
28754
28892
28918
28953
29009
29074
29263
29305
29445
29497
29637
29721
29790
29835
29877
30034
30126
30389
30427
30635
30673
30842
31072
31134
31214
31295
31406
31460
31668
31719
31795
31834
31895
31940
32080
32190
32222
32265
32319
32397
32501
32586
32765
32850
32921
33219
33254
33355
33397
33614
33654
33711
33884
33970
34056
34095
34141
34238
34301
34488
34685
34842
34905
34948
35114
35272
35367
35443
35600
35696
35723
35756
35810
35876
35922
36017
36051
36274
36533
36569
36730
36844
36930
36972
37046
37089
37301
37513
37575
37634
37759
37792
37889
37953
38083
38215
38332
38371
38513
38575
38631
38739
38896
38976
39009
39068
39154
39244
39478
39610
39745
39818
40026
40238
40554
40619
40767
40825
40877
40951
41030
41106
41255
41282
41352
41641
41702
41848
41939
41971
42054
42244
42283
42386
42433
42474
42612
42679
42731
43190
43411
43444
43835
44029
44387
44474
44650
44735
44808
45001
45069
45185
45348
45457
45794
45900
45975
46042
46164
46246
46310
46447
46543
46618
46681
47021
47048
47096
47200
47340
47464
47571
47718
47984
48088
48196
48296
48560
48650
48898
49000
49033
49066
49100
49173
49240
49293
49393
49478
49550
49582
49694
49802
49830
49938
49964
50078
50149
50184
50239
50338
50388
50663
50875
50927
51060
51123
51266
51344
51392
51457
51550
51970
52034
52099
52132
52192
52288
52378
52457
52514
52603
52686
52715
52791
52837
52934
52966
53130
53281
53373
53572
53609
53684
53749
54090
54239
54284
54311
54346
54472
54582
54865
54904
54942
54994
55227
55497
55703
55798
55877
56074
56255
56338
56419
56625
56920
57056
57312
57361
57518
57611
