91
161
348
426
1063
1285
1316
1705
1800
1936
1978
2052
2117
2214
2432
2506
2963
2992
3083
3436
3507
4089
4159
4218
4322
4614
4748
4870
5079
5134
5581
5758
5933
6012
6198
6899
7162
7286
7412
7623
7808
8036
8165
8194
8510
8624
8729
8840
9043
9116
9283
9330
9991
10035
10303
10440
10559
10741
11278
11373
11415
11518
11643
11806
11904
12251
12934
13011
13131
13753
14195
14250
14310
14407
15045
15686
15785
16579
16869
17078
17493
17589
17699
17831
18381
18468
18576
18687
18733
18774
19290
19548
20345
20423
20644
20963
21262
21301
21440
21478
21555
21724
21976
22352
22584
22639
22980
23385
23768
23838
23926
24253
24491
24559
24715
24900
25257
25286
25318
25411
25592
25620
25824
25902
26037
26626
26721
26799
26928
27022
27241
27576
27759
27826
27892
28093
28633
28850
28897
29004
29866
30000
30475
30604
30661
31382
31761
31800
32018
32366
32415
32490
32930
33362
33779
34118
34249
34474
34704
34852
34972
35111
35182
35533
35615
35952
36004
36088
36157
36957
37024
37487
37701
37815
37980
38249
38303
38397
38457
39200
39542
39604
39690
39862
40007
40056
40195
40881
41070
41127
41726
41877
42144
42280
42539
42931
43103
43206
43292
43428
43503
43680
44058
44121
44155
44569
44658
45011
45151
46022
46535
46562
47013
47470
47595
48187
48413
49026
49616
49673
49948
50026
50222
50299
50352
50659
50770
51220
51377
51894
52174
52333
52513
52681
53442
53541
53597
53683
53818
54001
54113
54474
54802
54847
55212
56032
56091
56161
56350
56581
56755
56815
57009
58038
58151
58439
58714
58755
58804
59133
59283
59509
59901
59956
60117
60607
60683
60882
61207
61416
61669
61842
62033
62192
62239
62476
62836
62946
63650
63696
63990
64066
64124
64186
65357
65676
65963
66124
66155
66479
67000
67228
67269
67428
67779
67906
68303
68390
68453
68559
68702
68820
68984
69063
69171
69341
69680
69949
