54
491
647
718
771
964
1083
1144
1284
1540
1583
1611
1832
1995
2044
2088
2242
2292
2400
2677
2755
2848
3038
3142
3196
3481
3731
3987
4143
4433
4796
4834
5199
5235
5462
5520
5717
5851
6113
6154
6187
6492
6601
7127
7184
7273
7474
7554
7619
7678
7706
7761
8238
8278
8394
8588
8728
8880
9191
9436
9633
10339
10486
10533
10573
10832
10872
10960
11382
11426
11481
11511
11584
11782
11884
11940
12020
12161
12198
12540
12826
13064
13298
13611
14006
14194
14229
14275
14412
14485
14738
14918
15206
15356
15691
15742
16205
16242
16305
16585
16683
16760
16873
16948
17188
17255
17354
17442
17767
17926
18117
18475
18666
18797
18863
18950
19031
19114
19145
19283
19578
20000
20462
20684
21041
21255
21397
21626
21760
22156
22219
22292
22565
22609
22687
23105
23417
23693
23979
24116
24160
24570
24625
25006
25140
25826
25903
26109
26283
26653
27213
27410
27581
27787
27870
28125
28287
28923
28958
28994
29086
29995
30097
30374
30497
30559
30670
30780
30924
31067
31107
31163
31277
31372
31459
31799
32302
32824
33390
33430
34016
34252
34384
34421
35070
35108
35620
35792
35974
36172
36287
36510
36662
36708
36840
37009
37153
37210
37342
37391
37480
37600
37664
37708
37976
38128
38189
38434
38508
38609
38741
38798
39170
39221
40141
40274
40481
40685
40827
40894
40937
41005
41098
41222
41344
41511
41580
41740
42236
42303
42343
42377
42562
42790
43093
43169
43247
43511
43722
43849
44036
44112
44219
44327
44563
44622
44848
44883
45170
45283
45599
45714
45759
45987
46060
46101
46175
46263
46354
46589
46820
46871
47064
47194
47944
48120
48169
48202
48257
48345
48710
48820
48917
48949
49025
49160
49537
49569
49661
49711
49909
50024
50135
50396
50941
50976
51029
51117
51176
51237
51271
51304
51437
51834
51891
51931
52042
52163
52349
52382
52454
52501
52602
52683
52851
52898
53003
53056
53203
53319
53738
53945
54082
54136
54230
54336
54451
54572
54762
54800
54850
54916
54968
55420
56131
56419
56578
56824
56925
57157
57481
57540
57717
58121
58365
58749
58788
59036
59072
59196
59262
59599
59650
59707
59798
60084
60340
60612
60670
60892
61130
61529
61707
61930
62203
62310
62439
62513
62881
63100
63235
63551
63929
64273
64429
64697
64779
65179
65371
65484
65697
65830
66067
66192
66567
66684
66724
67049
67120
67294
67774
67816
67978
68121
68161
68422
68499
68708
68838
68914
69006
69322
69373
69494
69670
70026
70068
70148
70319
70380
70790
70842
70881
70969
71013
71058
71136
71172
71268
71401
71464
71552
71664
71971
72068
72306
72377
72503
73005
73350
73525
73730
73794
73909
74043
74103
74300
74387
74424
74453
74635
74987
75073
75121
75181
75298
75448
75481
75564
76150
76218
76266
76316
76370
76524
76882
77094
77185
77473
77549
77823
77862
77989
78061
78121
78232
78425
78521
78824
78899
78963
79028
79129
79249
79431
79484
79664
80001
80234
80286
80478
80699
80830
81091
81145
81182
81255
81284
81364
81517
81563
81751
81833
82164
82230
82357
82562
82594
82749
82808
82851
83123
83369
83413
83794
83848
83924
83976
84071
84267
84480
84752
84806
85022
85107
85164
85237
85376
85484
85532
85599
85660
85930
85970
86002
86086
86337
86666
87045
87112
87175
87302
87382
87747
87804
87858
87895
87964
88121
88516
88584
88706
88732
88773
88886
89001
89337
89566
89671
89861
89995
90124
90243
90442
90586
90702
90729
90808
90842
91031
91317
91376
91433
91465
91845
91916
91963
92038
92122
92158
92213
92309
92412
92694
92829
92873
93048
93181
93221
93252
93518
93833
93911
94054
94187
94296
94348
94409
94685
94761
94793
95022
95070
95152
95217
95260
95478
95719
95873
95928
96122
96403
96568
96599
96779
97025
97087
97159
97253
97508
97629
97749
97841
98221
98276
98371
98841
99167
99263
99292
99566
99750
99871
99917
100043
100077
100362
100699
100833
100907
100990
101020
101062
101251
101469
101532
101841
101882
102021
102526
102661
102718
103026
103356
103587
103614
103949
104279
104340
104507
104552
104584
104713
104800
104843
105152
105220
105378
105629
105848
105932
106180
106450
106480
106507
106862
106967
106999
107192
107384
107509
107597
107729
107842
107885
107971
108007
108168
108249
108623
108910
109140
109170
109229
109275
109440
109520
109664
109941
110016
110293
110367
110652
110774
110830
110893
110925
110973
111012
111053
111137
111180
111251
111471
111793
111887
111951
111994
112056
112256
112326
112355
112431
112644
112694
112917
113040
113232
113439
113604
113912
114233
114304
114400
114517
114741
114798
114849
114978
115084
115189
115271
115363
115409
115465
115532
115613
116301
116366
116431
116731
116815
116893
117055
117121
117165
117412
117452
117513
117646
117855
117887
117962
118014
118042
118097
118138
118257
118398
118449
118551
118626
118693
118748
119019
119066
119098
119196
119428
119474
119591
119706
119768
120103
120224
120332
120434
120584
120908
121371
121406
121460
121590
121623
121712
121803
121978
122125
122189
122222
122457
122627
122690
123095
123196
123304
123356
123509
123554
123754
123782
123870
123931
124184
124384
124495
124535
124594
124714
124787
124840
124979
125068
125294
125391
125579
125615
125998
126077
126161
126243
126345
126418
126646
126804
127012
127108
127390
127495
127537
127664
127742
127779
127859
127915
128112
128167
128368
128403
128479
128565
128637
128721
128883
129123
129268
129308
129349
129465
129612
129800
129859
130013
130070
130228
130526
130630
130780
130938
131265
131401
131550
131582
131661
131698
132077
132440
132561
132611
132676
132756
132784
132944
133054
133143
133171
133288
133389
133443
133541
133796
133933
133992
134201
134295
134492
134575
134652
135110
135219
135482
135529
135558
135729
135873
135909
136103
136264
136687
136738
136817
137150
137230
137309
137379
137418
137460
137571
137881
138013
138063
138131
138169
138215
138406
138531
138575
138637
138690
138759
139050
139215
139368
139411
139462
139572
139636
139737
140014
140198
140328
140669
140937
140991
141188
141270
141332
141379
141669
141699
142072
142120
142187
142318
142521
142710
142817
142862
142911
143253
143296
143613
143757
143938
143983
144115
144157
144255
144410
144592
144853
145170
145449
145528
145767
145968
146148
146215
146270
146359
146406
146640
146716
146928
147085
147141
147186
147314
147895
148075
148151
148216
148352
148475
148614
148901
148957
149036
149613
149639
149754
149879
149987
150260
150295
150383
150548
150687
150803
150887
151014
151189
151304
151348
151445
151494
151893
152393
152421
152641
152725
153248
153527
153603
153639
154112
154316
154365
154546
155165
155214
155255
155462
155766
155821
156193
156268
156357
156398
156442
156576
156660
156731
157023
157080
157147
157426
157506
157589
158041
158078
158200
158262
158463
158550
158894
158961
159092
159190
159634
159661
159735
159812
159870
159917
