573
734
793
1141
1288
2375
2880
2957
3017
3185
3438
3833
3892
3953
4125
4374
4566
4660
4714
5012
5301
5459
5614
5652
6161
6582
6753
7044
7278
7518
7710
7919
8094
8653
8712
8933
9017
9070
9277
9344
9885
9963
10086
10608
11437
11881
11937
11995
12160
12640
12678
13133
13211
13661
13743
13963
14128
14187
14300
14685
15657
15897
16115
16165
16400
16491
16740
16790
17008
17105
17157
17244
17389
17573
17628
18060
18419
18508
18686
18732
18891
18955
19088
19341
19827
20001
20092
20852
20892
20987
21047
21208
21369
21465
22044
22447
22532
22686
22921
22991
23026
23152
23280
23409
23598
23687
23821
23971
24305
24411
25186
25275
25322
25521
25634
25687
25766
25808
25978
26049
26492
26596
26673
26858
27076
27252
27667
27755
27853
28077
28427
29381
29683
29866
30038
30417
30870
31168
31227
31308
31387
31568
31673
32339
32400
32528
33083
33815
33995
34081
34509
34750
34979
35238
35323
35577
35975
36214
36319
36865
36908
36993
37053
37094
37235
37527
37606
38066
38602
38731
38777
38873
38926
38986
39113
39386
39687
39725
39959
40510
40843
40945
41061
41119
41395
41449
41511
41608
42245
42306
42563
43149
43185
43604
43732
43769
43930
43981
44140
44233
44638
44820
44859
44999
45300
45371
45662
45730
46097
46756
46793
47074
47199
47428
47679
47771
47851
47992
48132
48588
48864
48941
49372
49432
49508
49717
49881
50013
50181
50431
50496
50752
50834
51004
51052
51130
51382
51709
51780
51890
52033
52356
52479
52536
52597
52686
52955
53246
53306
53522
53613
53744
54145
54271
54312
54373
54508
54631
54666
54800
54865
55006
55048
55212
55362
55400
55447
55760
55997
56127
56212
56256
56304
56399
56461
56650
56705
56747
56823
56905
57074
57321
57601
57673
57762
57827
57962
58023
58286
58402
58994
59031
59155
59266
59318
59449
59681
59848
59985
60030
60207
60249
60342
60567
60934
61105
61363
61436
62200
62281
62399
62504
62572
62855
62922
63059
63583
64281
64385
64808
64993
65381
65495
65718
65819
65960
66144
66195
66425
66514
66610
66697
66897
66956
67034
67233
67460
67740
67918
67963
68122
68278
68561
68660
68906
69125
69312
69512
70150
70231
70362
70716
70780
70856
70924
71295
72075
72141
72370
72568
72688
72779
73396
73439
73815
73921
74507
74715
74853
75173
75755
76257
76391
76559
76698
77319
77854
77952
78101
78187
78323
78529
78655
78723
78938
79564
79727
79871
80314
80583
80645
80745
80846
80918
81020
81118
81174
81226
81963
82150
82304
82357
82418
82513
82640
82710
82770
82829
83138
83184
83372
83653
84092
84197
84294
84577
84727
84837
85191
85256
85445
85498
85704
86094
86321
86371
86454
86824
86913
86993
87074
87306
87471
87565
87710
88074
88149
88441
88656
88700
88960
89076
89262
89330
89753
89954
90016
90237
90296
90657
90795
90857
90977
91164
91478
91547
91653
91760
91896
91960
92254
92330
92572
93102
93237
93680
93717
94043
94121
94356
94496
94632
94757
94908
95250
95474
95952
95988
96301
96381
96526
96650
96756
97385
97449
97520
97591
97810
97909
98133
98294
99105
99319
99466
99533
99685
99836
99938
100274
100456
100747
100829
101003
101043
101178
101385
101451
101539
101637
102354
102631
103187
103235
103451
103696
104094
104172
104563
104751
105046
105183
105572
105705
105785
106101
106181
106408
106644
106815
106863
106977
107074
107156
107444
107548
107662
107996
108507
108906
109221
109384
109640
109677
109853
109932
110078
110142
110310
110398
110784
110926
111340
111430
111489
111803
111845
111888
112032
112490
112540
113077
113432
113523
113638
113757
114073
114743
114933
115416
115526
115667
115891
116050
116604
116692
116842
116960
117120
117382
117538
117820
118161
118259
118329
118794
119115
119189
119242
119405
119609
119719
