539
730
788
1138
1286
2370
2875
2954
3012
3182
3435
3775
3830
3888
3949
4122
4370
4563
4659
4709
5010
5300
5458
5611
5647
6125
6155
6548
6749
7014
7264
7516
7707
7915
8088
8614
8650
8709
8930
9016
9066
9272
9340
9883
9936
10082
10606
11417
11878
11935
11991
12156
12582
12635
12675
13119
13185
13657
13740
13953
14126
14184
14299
14682
15648
15895
16103
16161
16366
16397
16450
16737
16785
17005
17102
17154
17242
17386
17570
17624
18056
18408
18502
18671
18731
18887
18951
19083
19339
19824
19995
20085
20845
20890
20958
21043
21202
21366
21446
22006
22038
22409
22531
22683
22912
22986
23024
23140
23275
23406
23595
23649
23684
23817
23969
24273
24364
24395
25179
25226
25309
25518
25618
25684
25736
25806
25944
25975
26033
26490
26594
26668
26853
27073
27248
27644
27750
27848
28064
28408
29375
29679
29830
29861
30033
30414
30863
31129
31166
31224
31305
31384
31557
31641
32335
32397
32517
33047
33080
33810
33989
34030
34059
34507
34745
34975
35234
35320
35554
35974
36199
36278
36861
36902
36989
37030
37089
37203
37521
37600
38058
38597
38728
38771
38869
38922
38981
39109
39383
39643
39720
39954
40506
40831
40941
41057
41097
41392
41446
41508
41602
42189
42302
42562
43144
43183
43599
43726
43766
43925
43977
44137
44208
44632
44816
44857
44987
45237
45296
45358
45658
45717
46045
46085
46751
46790
47070
47197
47380
47673
47765
47845
47988
48128
48586
48837
48937
49370
49429
49505
49714
49864
50007
50176
50378
50408
50478
50745
50829
51002
51050
51124
51375
51693
51749
51819
52030
52350
52474
52534
52586
52681
52954
53243
53302
53520
53592
53743
54134
54266
54309
54354
54503
54628
54663
54797
54863
55003
55046
55197
55359
55395
55444
55754
55947
56066
56094
56125
56198
56244
56302
56393
56456
56647
56687
56745
56820
56903
57070
57318
57597
57655
57758
57800
57957
57995
58281
58399
58991
59030
59152
59262
59300
59444
59677
59845
59953
60028
60205
60246
60307
60562
60897
61102
61358
61430
62194
62279
62396
62502
62567
62854
62895
63058
63579
64272
64379
64806
64991
65378
65492
65702
65816
65957
66143
66192
66415
66497
66605
66694
66854
66951
67030
67208
67456
67737
67916
67960
68119
68277
68554
68654
68902
69122
69307
69509
70143
70227
70340
70713
70776
70850
70907
71293
72069
72139
72367
72529
72564
72685
72776
73367
73437
73804
73919
74477
74712
74851
75170
75753
76255
76388
76555
76694
77306
77853
77947
78087
78183
78320
78525
78624
78720
78933
79562
79721
79856
80311
80554
80638
80740
80816
80842
80915
81014
81115
81169
81209
81940
82119
82147
82229
82266
82300
82350
82413
82503
82638
82707
82750
82826
83137
83179
83369
83650
84091
84131
84290
84548
84724
84801
84832
85187
85249
85442
85496
85700
86090
86300
86368
86450
86763
86818
86911
86991
87072
87302
87469
87550
87707
88015
88069
88139
88439
88652
88696
88956
89034
89068
89232
89321
89741
89951
90013
90217
90292
90652
90792
90852
90973
91162
91474
91520
91649
91733
91893
91956
92250
92327
92570
93076
93232
93670
93716
94022
94085
94119
94330
94491
94628
94721
94750
94903
95211
95471
95945
95984
96296
96378
96484
96524
96632
96752
97376
97443
97518
97588
97805
97908
98129
98287
99103
99285
99317
99464
99530
99681
99805
99932
100270
100453
100740
100825
101000
101041
101150
101381
101446
101536
101631
102351
102623
103184
103231
103448
103692
104090
104170
104560
104748
105037
105175
105568
105697
105753
106098
106177
106394
106638
106810
106857
106974
107068
107154
107442
107539
107660
107979
108502
108889
109219
109380
109637
109673
109849
109929
110073
110140
110307
110342
110780
110925
111327
111427
111487
111801
111841
111884
112028
112487
112529
113075
113429
113522
113636
113752
114070
114129
114927
115411
115486
115522
115664
115856
116044
116584
116685
116837
116922
116956
117119
117379
117536
117812
118156
118256
118328
118790
119112
119185
119240
119402
119605
119707
