0
118
180
353
428
1066
1320
1707
1801
1940
1982
2072
2120
2250
2439
2540
3005
3089
3439
3524
4092
4167
4227
4328
4618
4751
4900
5081
5140
5584
5761
5937
6014
6200
6900
7164
7289
7418
7626
7810
8039
8213
8512
8627
8755
8842
9047
9119
9289
9335
9995
10038
10304
10445
10563
10743
11302
11419
11556
11650
11809
11905
12265
12947
13066
13132
13757
14197
14252
14311
14410
15046
15691
15789
16582
16870
17080
17496
17590
17701
17832
18392
18474
18579
18690
18786
19292
19559
20347
20446
20651
20969
21266
21355
21445
21500
21560
21726
21981
22353
22598
22642
22982
23390
23774
23842
23930
24259
24524
24562
24716
24901
25327
25415
25622
25825
25908
26042
26632
26727
26803
26933
27025
27256
27579
27760
27830
27910
28106
28638
28855
28901
29006
29870
30004
30476
30605
30663
31384
31767
31803
32021
32367
32428
32495
32938
33365
33780
34119
34252
34476
34707
34855
34976
35116
35185
35540
35616
35953
36017
36093
36161
36960
37043
37491
37707
37820
37982
38252
38308
38402
38463
39204
39571
39607
39693
39867
40010
40059
40198
40885
41074
41130
41727
41885
42147
42284
42553
42937
43109
43221
43295
43432
43506
43683
44061
44160
44571
44662
45016
45156
46024
46566
47016
47474
47597
48194
48417
49029
49621
49676
49952
50031
50223
50312
50353
50671
50775
51224
51378
51898
52213
52335
52516
52682
53445
53545
53598
53710
53823
54004
54116
54478
54805
54849
55217
56035
56097
56166
56354
56582
56767
56818
57011
58042
58155
58441
58718
58758
58805
59148
59318
59517
59905
59975
60118
60620
60686
60884
61210
61419
61671
61847
62036
62195
62240
62480
62837
62949
63655
63700
63993
64068
64128
64188
65360
65679
65965
66160
66484
67002
67234
67273
67462
67781
67909
68305
68393
68456
68560
68706
68827
68987
69065
69174
69344
69681
