3
57
501
650
721
776
968
1086
1148
1290
1546
1653
1834
2000
2049
2090
2247
2293
2409
2705
2758
2855
3047
3148
3198
3500
3733
4018
4163
4448
4798
4837
5202
5243
5465
5521
5722
5854
6116
6191
6517
6604
7130
7191
7278
7477
7558
7625
7717
7763
8241
8280
8399
8593
8731
8887
9194
9440
9638
10352
10489
10536
10576
10836
10883
10967
11385
11515
11588
11784
11947
12024
12165
12200
12545
12830
13068
13302
13615
14009
14196
14230
14308
14430
14493
14742
14923
15210
15363
15694
15747
16209
16244
16310
16591
16699
16762
16877
16959
17201
17263
17359
17445
17793
17930
18119
18504
18670
18800
18867
18951
19036
19148
19284
19581
20043
20487
20685
21079
21258
21420
21630
21761
22160
22222
22298
22572
22625
22691
23109
23445
23698
23996
24123
24183
24578
24628
25009
25144
25829
25910
26111
26293
26656
27216
27437
27583
27797
27878
28128
28289
28960
29000
29090
29998
30114
30378
30500
30579
30671
30790
30927
31075
31110
31166
31290
31378
31462
31805
32309
32828
33395
33464
34019
34254
34386
34440
35074
35141
35626
35797
36000
36174
36288
36515
36667
36712
36844
37068
37157
37213
37344
37396
37482
37615
37670
37714
37987
38130
38190
38455
38510
38618
38747
38801
39174
39223
40148
40279
40484
40700
40831
40897
40970
41010
41119
41279
41349
41518
41585
41744
42237
42306
42345
42380
42563
42820
43095
43173
43249
43524
43728
43852
44072
44120
44220
44335
44565
44625
44887
45176
45284
45607
45718
45764
45992
46064
46106
46199
46290
46359
46591
46905
47079
47199
47949
48125
48170
48207
48263
48352
48716
48874
48952
49031
49185
49575
49664
49714
49912
50027
50139
50399
51033
51122
51188
51312
51442
51836
51894
51957
52085
52166
52350
52387
52461
52508
52606
52688
52856
52940
53011
53058
53206
53324
53741
53968
54093
54137
54234
54388
54455
54620
54767
54804
54884
54971
55443
56137
56425
56594
56853
56929
57165
57489
57543
57722
58127
58394
58801
59040
59076
59263
59602
59654
59710
59802
60088
60353
60615
60685
60896
61132
61533
61711
61933
62209
62317
62447
62543
62910
63202
63259
63554
63936
64275
64437
64738
64784
65181
65374
65488
65726
65835
66072
66195
66569
66689
66728
67060
67128
67297
67778
67820
67989
68165
68433
68503
68712
68841
68916
69009
69394
69496
69673
70028
70071
70152
70321
70387
70797
70844
70887
70974
71018
71067
71174
71271
71404
71465
71555
71669
71973
72073
72310
72383
72514
73007
73359
73544
73740
73799
73912
74046
74131
74302
74391
74456
74638
74989
75085
75146
75193
75302
75483
75579
76153
76221
76268
76319
76421
76530
76884
77095
77188
77508
77551
77827
77867
78014
78070
78143
78255
78443
78535
78828
78902
78966
79029
79134
79253
79433
79487
79667
80003
80247
80287
80482
80701
80838
81092
81149
81185
81285
81380
81519
81594
81752
81835
82168
82244
82386
82596
82754
82810
82854
83131
83376
83417
83796
83850
83927
83979
84073
84283
84482
84755
84810
85025
85111
85168
85260
85379
85487
85541
85602
85664
85931
86004
86089
86340
86668
87047
87121
87177
87304
87385
87749
87807
87860
87898
87977
88123
88542
88629
88734
88776
88889
89004
89339
89569
89672
89862
90017
90131
90247
90452
90588
90765
90854
91034
91319
91377
91470
91847
91918
91964
92045
92125
92162
92219
92311
92415
92696
92831
92875
93051
93183
93254
93572
93834
93916
94055
94211
94299
94354
94410
94694
94796
95027
95074
95156
95262
95479
95740
95874
95942
96124
96407
96610
96804
97027
97088
97162
97276
97510
97632
97750
97842
98315
98372
98843
99168
99309
99569
99754
99873
99921
100044
100079
100366
100707
100834
100909
101022
101068
101258
101471
101534
101843
101887
102022
102528
102666
102721
103054
103358
103617
103952
104303
104342
104510
104585
104748
104803
104845
105154
105246
105381
105633
105871
105953
106182
106514
106864
107001
107194
107387
107513
107600
107751
107844
107911
107973
108009
108171
108251
108633
108911
109171
109238
109304
109442
109521
109672
109942
110017
110319
110368
110653
110777
110831
110926
110977
111013
111090
111141
111182
111253
111473
111796
111889
111956
111996
112065
112275
112357
112435
112648
112721
112919
113042
113239
113441
113609
113914
114234
114307
114401
114520
114742
114804
114851
114980
115085
115191
115278
115364
115411
115468
115540
115614
116303
116369
116456
116733
116829
116895
117056
117122
117168
117415
117461
117515
117648
117890
117970
118045
118098
118143
118266
118402
118452
118557
118649
118694
118749
119020
119100
119199
119430
119487
119593
119707
119772
120115
120228
120334
120435
120586
120911
121409
121492
121624
121715
121810
121981
122126
122223
122460
122631
122703
123118
123197
123307
123372
123514
123556
123785
123877
123935
124189
124385
124497
124537
124599
124719
124790
124843
124984
125078
125302
125393
125580
125618
126021
126100
126163
126265
126358
126421
126648
126806
127016
127136
127392
127566
127665
127747
127781
127861
127917
128115
128196
128370
128405
128484
128569
128639
128729
128885
129151
129272
129310
129376
129509
129615
129805
129860
130015
130072
130230
130527
130632
130782
130939
131273
131402
131597
131663
131699
132079
132442
132579
132613
132677
132802
132946
133072
133174
133291
133398
133445
133572
133800
133935
133995
134202
134296
134525
134577
134653
135136
135250
135484
135560
135731
135875
135912
136105
136267
136741
136846
137153
137257
137312
137382
137422
137462
137578
137882
138016
138065
138134
138216
138434
138532
138584
138639
138694
138770
139054
139217
139370
139415
139464
139597
139639
139786
140026
140213
140329
140670
140938
140998
141189
141271
141334
141381
141701
142081
142122
142194
142340
142522
142716
142818
142876
142914
143255
143299
143615
143759
143940
143985
144117
144158
144256
144412
144594
144855
145172
145476
145530
145769
145969
146157
146216
146273
146372
146408
146647
146718
146930
147103
147143
147213
147316
147897
148102
148178
148218
148354
148476
148615
148904
148959
149047
149641
149777
149898
150001
150263
150299
150473
150551
150688
150809
150890
151015
151190
151306
151350
151448
151521
151895
152435
152665
152732
153250
153528
153641
154139
154326
154369
154548
155167
155215
155275
155463
155768
155824
156195
156272
156365
156400
156444
156578
156674
156766
157024
157082
157148
157427
157507
157592
158043
158082
158204
158263
158465
158596
158917
159017
159094
159194
159662
159737
159815
159872
159918
