146
202
331
437
479
581
805
1065
1174
1259
1328
1378
1618
1713
1969
2106
2300
2481
2626
2802
2981
3044
3104
3200
3249
3286
3335
3630
3845
3894
3928
3966
4040
4343
4461
4557
4595
4662
5042
5114
5193
5269
5349
5814
5865
5951
6228
6285
6505
6552
6615
6855
6964
7071
7109
7305
7357
7405
7480
7571
7718
7791
7842
7926
7986
8059
8126
8394
8464
8506
8575
8689
8826
8876
8970
9147
9208
9264
9311
9433
9493
9572
9635
9692
9799
9835
9918
9951
10029
10237
10343
10393
10570
10614
10708
10894
10982
11075
11163
11243
11419
11464
11531
11589
11688
11732
11778
11987
12037
12116
12185
12279
12474
12556
12639
12736
12802
12982
13027
13138
13295
13373
13413
13533
13635
13748
13828
14028
14288
14419
14496
14620
14683
14749
14898
14992
15090
15136
15180
15224
15294
15446
15532
15629
15744
15925
16002
16046
16103
16200
16271
16394
16522
16601
16725
16802
16962
17026
17104
17171
17263
17444
17496
17613
17663
17745
17805
17985
18209
18300
18340
18424
18509
18546
18586
18650
18738
18879
18955
19013
19066
19157
19238
19380
19552
19651
19749
19876
